
.. table::
   :class: cutflow

   +-----------------+---------+----------+---------+----------+----------+----------+----------+----------+----------+----------+----------+-----------+
   |     Filter      |    B    |    D     |    E    |    F     |    G     |    H     |    I     |    J     |    K     |    L     |    M     |   Total   |
   +=================+=========+==========+=========+==========+==========+==========+==========+==========+==========+==========+==========+===========+
   | Total           | 6815543 | 41146172 | 8588376 | 24780507 | 72974017 | 37749896 | 42285413 | 26577267 | 47740554 | 76499379 | 51627987 | 436785111 |
   +-----------------+---------+----------+---------+----------+----------+----------+----------+----------+----------+----------+----------+-----------+
   | Skim            | 43666   | 437633   | 122839  | 389436   | 1530121  | 771988   | 901717   | 607704   | 1617492  | 2535889  | 1789203  | 10747688  |
   +-----------------+---------+----------+---------+----------+----------+----------+----------+----------+----------+----------+----------+-----------+
   | GRLFilter       | 40274   | 411957   | 119905  | 350095   | 1472525  | 722213   | 877285   | 593171   | 1438757  | 2389765  | 1692611  | 10108558  |
   +-----------------+---------+----------+---------+----------+----------+----------+----------+----------+----------+----------+----------+-----------+
   | Triggers        | 39018   | 398794   | 115709  | 340894   | 1435654  | 704949   | 855140   | 577163   | 1419214  | 2332569  | 1648576  | 9867680   |
   +-----------------+---------+----------+---------+----------+----------+----------+----------+----------+----------+----------+----------+-----------+
   | PriVertex       | 38975   | 398281   | 115540  | 340380   | 1433550  | 704031   | 853873   | 576256   | 1416891  | 2327042  | 1644421  | 9849240   |
   +-----------------+---------+----------+---------+----------+----------+----------+----------+----------+----------+----------+----------+-----------+
   | LArError        | 38917   | 397033   | 114982  | 339461   | 1428077  | 701921   | 850543   | 574306   | 1412315  | 2322804  | 1640457  | 9820816   |
   +-----------------+---------+----------+---------+----------+----------+----------+----------+----------+----------+----------+----------+-----------+
   | LArHole         | 38917   | 397033   | 106677  | 313735   | 1319379  | 648919   | 850543   | 574306   | 1412315  | 2322804  | 1640457  | 9625085   |
   +-----------------+---------+----------+---------+----------+----------+----------+----------+----------+----------+----------+----------+-----------+
   | JetCleaning     | 38887   | 396621   | 106574  | 313422   | 1317940  | 648206   | 849629   | 573640   | 1410775  | 2319795  | 1638252  | 9613741   |
   +-----------------+---------+----------+---------+----------+----------+----------+----------+----------+----------+----------+----------+-----------+
   | ElectronVeto    | 34815   | 342978   | 92368   | 267181   | 1134604  | 558691   | 728961   | 491946   | 1208983  | 1886966  | 1334356  | 8081849   |
   +-----------------+---------+----------+---------+----------+----------+----------+----------+----------+----------+----------+----------+-----------+
   | MuonVeto        | 34604   | 340383   | 91752   | 265260   | 1126345  | 554784   | 723591   | 488504   | 1200002  | 1872551  | 1324478  | 8022254   |
   +-----------------+---------+----------+---------+----------+----------+----------+----------+----------+----------+----------+----------+-----------+
   | TauAuthor       | 34604   | 340383   | 91752   | 265260   | 1126345  | 554784   | 723591   | 488504   | 1200002  | 1872551  | 1324478  | 8022254   |
   +-----------------+---------+----------+---------+----------+----------+----------+----------+----------+----------+----------+----------+-----------+
   | TauHasTrack     | 34604   | 340383   | 91752   | 265260   | 1126345  | 554784   | 723591   | 488504   | 1200002  | 1872551  | 1324478  | 8022254   |
   +-----------------+---------+----------+---------+----------+----------+----------+----------+----------+----------+----------+----------+-----------+
   | TauMuonVeto     | 34533   | 339755   | 91603   | 264815   | 1124576  | 553825   | 722518   | 487839   | 1198248  | 1870621  | 1323106  | 8011439   |
   +-----------------+---------+----------+---------+----------+----------+----------+----------+----------+----------+----------+----------+-----------+
   | TauElectronVeto | 32209   | 317552   | 85808   | 246592   | 1049741  | 515569   | 677185   | 458549   | 1127140  | 1782718  | 1263774  | 7556837   |
   +-----------------+---------+----------+---------+----------+----------+----------+----------+----------+----------+----------+----------+-----------+
   | TauPT           | 29160   | 289956   | 78200   | 225860   | 966508   | 476573   | 622770   | 418535   | 1029372  | 1592101  | 1124916  | 6853951   |
   +-----------------+---------+----------+---------+----------+----------+----------+----------+----------+----------+----------+----------+-----------+
   | TauEta          | 29047   | 289158   | 77988   | 225262   | 964361   | 475499   | 621433   | 417572   | 1026899  | 1586697  | 1121024  | 6834940   |
   +-----------------+---------+----------+---------+----------+----------+----------+----------+----------+----------+----------+----------+-----------+
   | TauCrack        | 27361   | 273173   | 73680   | 214165   | 917762   | 452061   | 591118   | 396917   | 976519   | 1508656  | 1065559  | 6496971   |
   +-----------------+---------+----------+---------+----------+----------+----------+----------+----------+----------+----------+----------+-----------+
   | TauLoose        | 10111   | 91330    | 25210   | 69027    | 280955   | 137057   | 181609   | 124558   | 307771   | 521794   | 374227   | 2123649   |
   +-----------------+---------+----------+---------+----------+----------+----------+----------+----------+----------+----------+----------+-----------+
   | TauTriggerMatch | 9855    | 89122    | 24668   | 66871    | 272015   | 132769   | 175321   | 120406   | 297365   | 503290   | 360928   | 2052610   |
   +-----------------+---------+----------+---------+----------+----------+----------+----------+----------+----------+----------+----------+-----------+
   | TauLeadSublead  | 3881    | 42555    | 11610   | 40155    | 173289   | 85247    | 112018   | 76379    | 188649   | 335817   | 238914   | 1308514   |
   +-----------------+---------+----------+---------+----------+----------+----------+----------+----------+----------+----------+----------+-----------+

