
.. table::
   :class: cutflow

   +-----------------+---------+---------+---------+---------+---------+---------+---------+---------+---------+---------+---------+---------+---------+---------+---------+---------+---------+---------+---------+---------+---------+---------+--------+--------+--------+--------+-------+-------+-------+-------+-------+-------+-------+--------+-------+-------+-------+-------+-------+-------+-------+-------+-------+-------+
   |     Filter      | ggH100  | ggH105  | ggH110  | ggH115  | ggH120  | ggH125  | ggH130  | ggH135  | ggH140  | ggH145  | ggH150  | VBFH100 | VBFH105 | VBFH110 | VBFH115 | VBFH120 | VBFH125 | VBFH130 | VBFH135 | VBFH140 | VBFH145 | VBFH150 | WH100  | WH105  | WH110  | WH115  | WH120 | WH125 | WH130 | WH135 | WH140 | WH145 | WH150 | ZH100  | ZH105 | ZH110 | ZH115 | ZH120 | ZH125 | ZH130 | ZH135 | ZH140 | ZH145 | ZH150 |
   +=================+=========+=========+=========+=========+=========+=========+=========+=========+=========+=========+=========+=========+=========+=========+=========+=========+=========+=========+=========+=========+=========+=========+========+========+========+========+=======+=======+=======+=======+=======+=======+=======+========+=======+=======+=======+=======+=======+=======+=======+=======+=======+=======+
   | Total           | 2870.27 | 2598.06 | 2361.09 | 2152.80 | 1969.72 | 1807.29 | 1663.35 | 1535.01 | 1419.98 | 1316.88 | 1224.09 | 273.65  | 259.94  | 247.06  | 234.99  | 223.67  | 213.09  | 203.06  | 193.62  | 184.65  | 176.29  | 168.43  | 192.74 | 163.75 | 137.28 | 113.41 | 91.29 | 71.15 | 53.41 | 38.42 | 26.54 | 17.21 | 10.41 | 102.88 | 87.28 | 73.73 | 60.86 | 49.47 | 38.59 | 29.04 | 20.94 | 14.49 | 9.39  | 5.69  |
   +-----------------+---------+---------+---------+---------+---------+---------+---------+---------+---------+---------+---------+---------+---------+---------+---------+---------+---------+---------+---------+---------+---------+---------+--------+--------+--------+--------+-------+-------+-------+-------+-------+-------+-------+--------+-------+-------+-------+-------+-------+-------+-------+-------+-------+-------+
   | Skim            | 180.40  | 184.77  | 190.21  | 199.24  | 198.53  | 199.79  | 201.13  | 200.15  | 196.11  | 195.77  | 191.04  | 28.34   | 28.65   | 29.61   | 30.21   | 30.30   | 31.14   | 30.92   | 31.99   | 31.90   | 31.77   | 31.98   | 24.11  | 21.03  | 19.76  | 17.70  | 14.93 | 12.51 | 9.75  | 7.47  | 5.39  | 3.61  | 2.26  | 11.15  | 10.22 | 9.56  | 8.29  | 7.20  | 5.99  | 4.84  | 3.59  | 2.69  | 1.75  | 1.12  |
   +-----------------+---------+---------+---------+---------+---------+---------+---------+---------+---------+---------+---------+---------+---------+---------+---------+---------+---------+---------+---------+---------+---------+---------+--------+--------+--------+--------+-------+-------+-------+-------+-------+-------+-------+--------+-------+-------+-------+-------+-------+-------+-------+-------+-------+-------+
   | GRLFilter       | 180.40  | 184.77  | 190.21  | 199.24  | 198.53  | 199.79  | 201.13  | 200.15  | 196.11  | 195.77  | 191.04  | 28.34   | 28.65   | 29.61   | 30.21   | 30.30   | 31.14   | 30.92   | 31.99   | 31.90   | 31.77   | 31.98   | 24.11  | 21.03  | 19.76  | 17.70  | 14.93 | 12.51 | 9.75  | 7.47  | 5.39  | 3.61  | 2.26  | 11.15  | 10.22 | 9.56  | 8.29  | 7.20  | 5.99  | 4.84  | 3.59  | 2.69  | 1.75  | 1.12  |
   +-----------------+---------+---------+---------+---------+---------+---------+---------+---------+---------+---------+---------+---------+---------+---------+---------+---------+---------+---------+---------+---------+---------+---------+--------+--------+--------+--------+-------+-------+-------+-------+-------+-------+-------+--------+-------+-------+-------+-------+-------+-------+-------+-------+-------+-------+
   | Triggers        | 177.55  | 181.89  | 187.68  | 196.06  | 195.79  | 196.73  | 198.19  | 197.25  | 193.39  | 192.65  | 188.18  | 27.96   | 28.23   | 29.15   | 29.76   | 29.86   | 30.70   | 30.47   | 31.55   | 31.49   | 31.34   | 31.51   | 23.72  | 20.81  | 19.47  | 17.46  | 14.72 | 12.32 | 9.61  | 7.37  | 5.32  | 3.56  | 2.23  | 10.97  | 10.07 | 9.45  | 8.18  | 7.12  | 5.92  | 4.77  | 3.55  | 2.65  | 1.72  | 1.11  |
   +-----------------+---------+---------+---------+---------+---------+---------+---------+---------+---------+---------+---------+---------+---------+---------+---------+---------+---------+---------+---------+---------+---------+---------+--------+--------+--------+--------+-------+-------+-------+-------+-------+-------+-------+--------+-------+-------+-------+-------+-------+-------+-------+-------+-------+-------+
   | PriVertex       | 177.12  | 181.45  | 187.28  | 195.60  | 195.30  | 196.35  | 197.86  | 196.70  | 193.12  | 192.11  | 187.73  | 27.79   | 28.07   | 28.96   | 29.57   | 29.68   | 30.50   | 30.25   | 31.33   | 31.25   | 31.15   | 31.25   | 23.66  | 20.75  | 19.43  | 17.44  | 14.69 | 12.28 | 9.59  | 7.35  | 5.31  | 3.56  | 2.22  | 10.95  | 10.04 | 9.42  | 8.18  | 7.10  | 5.90  | 4.76  | 3.54  | 2.65  | 1.72  | 1.11  |
   +-----------------+---------+---------+---------+---------+---------+---------+---------+---------+---------+---------+---------+---------+---------+---------+---------+---------+---------+---------+---------+---------+---------+---------+--------+--------+--------+--------+-------+-------+-------+-------+-------+-------+-------+--------+-------+-------+-------+-------+-------+-------+-------+-------+-------+-------+
   | LArError        | 177.12  | 181.45  | 187.28  | 195.60  | 195.30  | 196.35  | 197.86  | 196.70  | 193.12  | 192.11  | 187.73  | 27.79   | 28.07   | 28.96   | 29.57   | 29.68   | 30.50   | 30.25   | 31.33   | 31.25   | 31.15   | 31.25   | 23.66  | 20.75  | 19.43  | 17.44  | 14.69 | 12.28 | 9.59  | 7.35  | 5.31  | 3.56  | 2.22  | 10.95  | 10.04 | 9.42  | 8.18  | 7.10  | 5.90  | 4.76  | 3.54  | 2.65  | 1.72  | 1.11  |
   +-----------------+---------+---------+---------+---------+---------+---------+---------+---------+---------+---------+---------+---------+---------+---------+---------+---------+---------+---------+---------+---------+---------+---------+--------+--------+--------+--------+-------+-------+-------+-------+-------+-------+-------+--------+-------+-------+-------+-------+-------+-------+-------+-------+-------+-------+
   | LArHole         | 173.85  | 177.53  | 183.48  | 191.60  | 191.36  | 191.78  | 193.46  | 192.61  | 188.76  | 188.37  | 183.52  | 27.11   | 27.41   | 28.20   | 28.89   | 28.99   | 29.77   | 29.58   | 30.62   | 30.62   | 30.41   | 30.54   | 22.97  | 20.19  | 18.90  | 17.02  | 14.33 | 11.99 | 9.33  | 7.15  | 5.17  | 3.45  | 2.16  | 10.62  | 9.78  | 9.14  | 7.97  | 6.89  | 5.74  | 4.61  | 3.43  | 2.57  | 1.67  | 1.08  |
   +-----------------+---------+---------+---------+---------+---------+---------+---------+---------+---------+---------+---------+---------+---------+---------+---------+---------+---------+---------+---------+---------+---------+---------+--------+--------+--------+--------+-------+-------+-------+-------+-------+-------+-------+--------+-------+-------+-------+-------+-------+-------+-------+-------+-------+-------+
   | JetCleaning     | 173.57  | 176.95  | 183.10  | 191.21  | 190.87  | 191.27  | 192.95  | 192.01  | 188.29  | 188.00  | 183.01  | 26.99   | 27.29   | 28.08   | 28.76   | 28.88   | 29.64   | 29.45   | 30.49   | 30.49   | 30.27   | 30.41   | 22.88  | 20.10  | 18.83  | 16.94  | 14.26 | 11.94 | 9.28  | 7.10  | 5.14  | 3.43  | 2.15  | 10.58  | 9.73  | 9.11  | 7.94  | 6.85  | 5.72  | 4.59  | 3.41  | 2.56  | 1.66  | 1.07  |
   +-----------------+---------+---------+---------+---------+---------+---------+---------+---------+---------+---------+---------+---------+---------+---------+---------+---------+---------+---------+---------+---------+---------+---------+--------+--------+--------+--------+-------+-------+-------+-------+-------+-------+-------+--------+-------+-------+-------+-------+-------+-------+-------+-------+-------+-------+
   | ElectronVeto    | 171.56  | 174.98  | 181.43  | 189.25  | 189.01  | 189.26  | 190.82  | 190.43  | 185.99  | 186.05  | 181.08  | 26.70   | 26.95   | 27.79   | 28.46   | 28.59   | 29.30   | 29.14   | 30.17   | 30.12   | 29.93   | 30.11   | 17.33  | 15.27  | 14.35  | 12.87  | 10.95 | 9.24  | 7.18  | 5.48  | 4.07  | 2.71  | 1.70  | 8.45   | 7.99  | 7.49  | 6.67  | 5.69  | 4.87  | 3.91  | 2.91  | 2.18  | 1.44  | 0.93  |
   +-----------------+---------+---------+---------+---------+---------+---------+---------+---------+---------+---------+---------+---------+---------+---------+---------+---------+---------+---------+---------+---------+---------+---------+--------+--------+--------+--------+-------+-------+-------+-------+-------+-------+-------+--------+-------+-------+-------+-------+-------+-------+-------+-------+-------+-------+
   | MuonVeto        | 170.69  | 174.02  | 180.51  | 188.54  | 188.07  | 188.20  | 189.75  | 189.44  | 184.87  | 185.10  | 179.99  | 26.42   | 26.65   | 27.54   | 28.15   | 28.30   | 29.00   | 28.84   | 29.87   | 29.82   | 29.63   | 29.84   | 15.86  | 13.84  | 12.92  | 11.59  | 9.87  | 8.29  | 6.42  | 4.94  | 3.63  | 2.44  | 1.52  | 8.06   | 7.55  | 7.09  | 6.32  | 5.41  | 4.59  | 3.72  | 2.74  | 2.04  | 1.36  | 0.88  |
   +-----------------+---------+---------+---------+---------+---------+---------+---------+---------+---------+---------+---------+---------+---------+---------+---------+---------+---------+---------+---------+---------+---------+---------+--------+--------+--------+--------+-------+-------+-------+-------+-------+-------+-------+--------+-------+-------+-------+-------+-------+-------+-------+-------+-------+-------+
   | TauAuthor       | 170.67  | 173.99  | 180.48  | 188.54  | 188.05  | 188.12  | 189.64  | 189.39  | 184.84  | 185.06  | 179.95  | 26.42   | 26.65   | 27.54   | 28.15   | 28.30   | 29.00   | 28.84   | 29.87   | 29.82   | 29.63   | 29.84   | 15.86  | 13.84  | 12.91  | 11.59  | 9.87  | 8.29  | 6.42  | 4.94  | 3.62  | 2.44  | 1.52  | 8.06   | 7.54  | 7.09  | 6.32  | 5.41  | 4.59  | 3.72  | 2.74  | 2.04  | 1.36  | 0.88  |
   +-----------------+---------+---------+---------+---------+---------+---------+---------+---------+---------+---------+---------+---------+---------+---------+---------+---------+---------+---------+---------+---------+---------+---------+--------+--------+--------+--------+-------+-------+-------+-------+-------+-------+-------+--------+-------+-------+-------+-------+-------+-------+-------+-------+-------+-------+
   | TauHasTrack     | 170.15  | 173.39  | 179.94  | 187.96  | 187.40  | 187.56  | 189.01  | 188.88  | 184.31  | 184.45  | 179.42  | 26.35   | 26.59   | 27.47   | 28.07   | 28.23   | 28.93   | 28.74   | 29.79   | 29.71   | 29.53   | 29.74   | 15.84  | 13.84  | 12.91  | 11.59  | 9.86  | 8.28  | 6.42  | 4.93  | 3.62  | 2.44  | 1.52  | 8.04   | 7.54  | 7.08  | 6.31  | 5.41  | 4.58  | 3.72  | 2.73  | 2.04  | 1.36  | 0.88  |
   +-----------------+---------+---------+---------+---------+---------+---------+---------+---------+---------+---------+---------+---------+---------+---------+---------+---------+---------+---------+---------+---------+---------+---------+--------+--------+--------+--------+-------+-------+-------+-------+-------+-------+-------+--------+-------+-------+-------+-------+-------+-------+-------+-------+-------+-------+
   | TauMuonVeto     | 169.20  | 172.54  | 179.02  | 186.80  | 186.57  | 186.57  | 188.06  | 187.73  | 183.38  | 183.36  | 178.37  | 26.31   | 26.52   | 27.42   | 28.00   | 28.19   | 28.87   | 28.67   | 29.73   | 29.65   | 29.47   | 29.66   | 15.83  | 13.80  | 12.91  | 11.57  | 9.86  | 8.28  | 6.41  | 4.93  | 3.62  | 2.44  | 1.52  | 8.02   | 7.52  | 7.06  | 6.30  | 5.40  | 4.58  | 3.71  | 2.73  | 2.04  | 1.36  | 0.88  |
   +-----------------+---------+---------+---------+---------+---------+---------+---------+---------+---------+---------+---------+---------+---------+---------+---------+---------+---------+---------+---------+---------+---------+---------+--------+--------+--------+--------+-------+-------+-------+-------+-------+-------+-------+--------+-------+-------+-------+-------+-------+-------+-------+-------+-------+-------+
   | TauElectronVeto | 162.74  | 165.99  | 172.03  | 179.91  | 179.67  | 179.97  | 180.87  | 180.73  | 176.59  | 177.04  | 172.13  | 25.87   | 26.02   | 26.98   | 27.49   | 27.67   | 28.32   | 28.11   | 29.16   | 29.10   | 28.89   | 29.04   | 15.55  | 13.60  | 12.72  | 11.40  | 9.72  | 8.17  | 6.32  | 4.85  | 3.57  | 2.41  | 1.50  | 7.91   | 7.42  | 6.92  | 6.20  | 5.34  | 4.51  | 3.66  | 2.69  | 2.01  | 1.34  | 0.86  |
   +-----------------+---------+---------+---------+---------+---------+---------+---------+---------+---------+---------+---------+---------+---------+---------+---------+---------+---------+---------+---------+---------+---------+---------+--------+--------+--------+--------+-------+-------+-------+-------+-------+-------+-------+--------+-------+-------+-------+-------+-------+-------+-------+-------+-------+-------+
   | TauPT           | 149.45  | 151.44  | 156.40  | 163.85  | 163.63  | 162.66  | 164.34  | 164.25  | 161.21  | 160.77  | 155.84  | 24.68   | 24.96   | 25.91   | 26.24   | 26.59   | 27.07   | 26.90   | 27.88   | 27.98   | 27.57   | 27.75   | 14.51  | 12.83  | 11.86  | 10.72  | 9.19  | 7.75  | 5.96  | 4.61  | 3.38  | 2.30  | 1.42  | 7.53   | 7.04  | 6.61  | 5.91  | 5.12  | 4.31  | 3.50  | 2.58  | 1.91  | 1.27  | 0.83  |
   +-----------------+---------+---------+---------+---------+---------+---------+---------+---------+---------+---------+---------+---------+---------+---------+---------+---------+---------+---------+---------+---------+---------+---------+--------+--------+--------+--------+-------+-------+-------+-------+-------+-------+-------+--------+-------+-------+-------+-------+-------+-------+-------+-------+-------+-------+
   | TauEta          | 149.28  | 151.26  | 156.09  | 163.42  | 163.43  | 162.27  | 164.06  | 163.92  | 160.91  | 160.44  | 155.54  | 24.59   | 24.89   | 25.83   | 26.17   | 26.51   | 26.97   | 26.84   | 27.81   | 27.92   | 27.48   | 27.68   | 14.48  | 12.81  | 11.85  | 10.70  | 9.18  | 7.74  | 5.96  | 4.60  | 3.38  | 2.30  | 1.42  | 7.53   | 7.03  | 6.61  | 5.90  | 5.11  | 4.30  | 3.50  | 2.58  | 1.91  | 1.27  | 0.83  |
   +-----------------+---------+---------+---------+---------+---------+---------+---------+---------+---------+---------+---------+---------+---------+---------+---------+---------+---------+---------+---------+---------+---------+---------+--------+--------+--------+--------+-------+-------+-------+-------+-------+-------+-------+--------+-------+-------+-------+-------+-------+-------+-------+-------+-------+-------+
   | TauCrack        | 140.24  | 142.95  | 147.14  | 154.18  | 153.78  | 153.24  | 154.77  | 155.11  | 151.77  | 150.71  | 146.49  | 23.71   | 24.03   | 24.89   | 25.30   | 25.59   | 25.99   | 25.90   | 26.77   | 26.94   | 26.52   | 26.67   | 14.03  | 12.34  | 11.52  | 10.37  | 8.92  | 7.50  | 5.77  | 4.46  | 3.28  | 2.24  | 1.37  | 7.31   | 6.78  | 6.40  | 5.75  | 4.96  | 4.15  | 3.39  | 2.49  | 1.85  | 1.23  | 0.80  |
   +-----------------+---------+---------+---------+---------+---------+---------+---------+---------+---------+---------+---------+---------+---------+---------+---------+---------+---------+---------+---------+---------+---------+---------+--------+--------+--------+--------+-------+-------+-------+-------+-------+-------+-------+--------+-------+-------+-------+-------+-------+-------+-------+-------+-------+-------+
   | TauLoose        | 86.77   | 92.02   | 90.01   | 95.78   | 95.92   | 95.60   | 96.84   | 95.83   | 92.58   | 91.54   | 88.42   | 13.08   | 13.05   | 13.78   | 14.04   | 14.40   | 14.73   | 14.81   | 15.11   | 15.45   | 14.88   | 15.12   | 7.34   | 6.64   | 6.32   | 5.41   | 4.74  | 4.08  | 3.06  | 2.36  | 1.72  | 1.19  | 0.71  | 3.83   | 3.69  | 3.42  | 3.09  | 2.74  | 2.26  | 1.89  | 1.37  | 0.98  | 0.65  | 0.43  |
   +-----------------+---------+---------+---------+---------+---------+---------+---------+---------+---------+---------+---------+---------+---------+---------+---------+---------+---------+---------+---------+---------+---------+---------+--------+--------+--------+--------+-------+-------+-------+-------+-------+-------+-------+--------+-------+-------+-------+-------+-------+-------+-------+-------+-------+-------+
   | TauTriggerMatch | 85.10   | 89.76   | 88.28   | 93.84   | 94.20   | 94.03   | 95.03   | 93.97   | 91.04   | 90.09   | 87.04   | 12.19   | 12.12   | 12.90   | 13.19   | 13.54   | 13.83   | 13.91   | 14.23   | 14.54   | 14.04   | 14.32   | 6.19   | 5.58   | 5.35   | 4.59   | 4.18  | 3.53  | 2.65  | 2.03  | 1.46  | 1.02  | 0.62  | 3.39   | 3.26  | 3.00  | 2.74  | 2.45  | 2.00  | 1.68  | 1.22  | 0.87  | 0.58  | 0.38  |
   +-----------------+---------+---------+---------+---------+---------+---------+---------+---------+---------+---------+---------+---------+---------+---------+---------+---------+---------+---------+---------+---------+---------+---------+--------+--------+--------+--------+-------+-------+-------+-------+-------+-------+-------+--------+-------+-------+-------+-------+-------+-------+-------+-------+-------+-------+
   | TauLeadSublead  | 66.56   | 72.02   | 72.65   | 78.84   | 80.98   | 81.13   | 84.53   | 83.69   | 81.85   | 82.20   | 79.39   | 10.32   | 10.23   | 11.08   | 11.47   | 11.74   | 12.15   | 12.34   | 12.80   | 13.20   | 12.73   | 13.12   | 5.22   | 4.70   | 4.52   | 3.94   | 3.60  | 3.13  | 2.39  | 1.85  | 1.32  | 0.94  | 0.56  | 2.80   | 2.76  | 2.61  | 2.39  | 2.16  | 1.76  | 1.51  | 1.09  | 0.79  | 0.54  | 0.35  |
   +-----------------+---------+---------+---------+---------+---------+---------+---------+---------+---------+---------+---------+---------+---------+---------+---------+---------+---------+---------+---------+---------+---------+---------+--------+--------+--------+--------+-------+-------+-------+-------+-------+-------+-------+--------+-------+-------+-------+-------+-------+-------+-------+-------+-------+-------+

