tau_pt:F
0.0000          0.6382
21793.7696      0.6382
24631.4074      0.6802
26872.8498      0.6989
28827.5890      0.7212
30728.8900      0.7316
32659.9044      0.7446
34529.0518      0.7606
36314.2001      0.7693
38048.3581      0.7691
39875.9594      0.7753
41735.8081      0.7893
43552.9555      0.8016
45434.5356      0.7998
47451.9110      0.8027
49476.9170      0.8198
51632.7554      0.7883
54096.1076      0.8074
57274.8053      0.8139
61556.7154      0.8046
73572.7350      0.8072
100000.0000     0.8072
