tau_pt:F
0.0000          0.5363
21781.9019      0.5363
24640.1048      0.5604
26774.0204      0.5736
28966.6171      0.5884
30838.3828      0.6005
32699.7914      0.6017
34639.5947      0.6110
36403.4154      0.6164
38314.4766      0.6319
40128.5634      0.6328
41964.1315      0.6443
43930.7776      0.6422
45875.1605      0.6350
47924.2485      0.6556
50018.1290      0.6631
52084.5787      0.6675
54605.2902      0.6594
57716.8541      0.6703
62002.4046      0.6663
74182.9747      0.6789
100000.0000     0.6789
