tau_pt:F
0.0000          0.5652
20949.3513      0.5652
22719.5475      0.5912
24455.1914      0.6091
26132.5459      0.6194
27674.4318      0.6325
29368.1551      0.6455
31068.9823      0.6624
32818.8828      0.6720
34599.2479      0.6838
36437.4940      0.6938
38370.4211      0.7037
40355.8765      0.7073
42381.2379      0.7307
44511.8408      0.7346
46768.2262      0.7446
49192.4587      0.7484
52060.2280      0.7526
55466.5729      0.7724
60361.6928      0.7830
73308.2368      0.8061
100000.0000     0.8061
