tau_pt:F
0.0000          0.8073
20883.4956      0.8073
22594.7923      0.8211
24296.2710      0.8376
25960.7205      0.8453
27671.1731      0.8526
29441.5648      0.8633
31156.3478      0.8696
32921.4484      0.8779
34705.4295      0.8803
36539.6315      0.8833
38382.2554      0.8905
40434.2327      0.8929
42465.5786      0.8976
44693.1512      0.8999
47057.4824      0.9053
49677.8516      0.9031
52431.0228      0.9077
55854.1285      0.9149
60742.8942      0.9128
73609.7159      0.9181
100000.0000     0.9181
