tau_pt:F
0.0000          0.5061
21959.3181      0.5061
24680.5298      0.5336
26945.7132      0.5526
28878.3626      0.5595
30761.9345      0.5697
32780.1897      0.5763
34609.9439      0.5842
36218.1174      0.5917
38141.0886      0.5981
40008.0584      0.5986
41873.1959      0.6080
43801.9201      0.6209
45589.9321      0.6151
47567.9589      0.6132
49701.0908      0.6248
52026.8922      0.6351
54464.8264      0.6430
57607.8835      0.6337
61922.4927      0.6346
73735.8331      0.6464
100000.0000     0.6464
