2
NUMTRACK I
NUM_PILEUP_AND_PRIMARY_VERTICES I
0	1
1	5
1	3
-3
-3
1	7
-3
-3
1	5
1	3
-3
-3
1	7
-3
-3
-1
2
BDT F
PT F
3
1.000000E+00
-4	22
1	0
0.000000	0.574600
20898.044900	0.574600
22594.365400	0.593300
24193.196700	0.610100
25804.931400	0.614400
27494.634200	0.631100
29150.454200	0.638600
30759.927500	0.643400
32523.609400	0.652300
34214.971400	0.660500
36028.277400	0.670000
37934.906300	0.680500
39906.001700	0.687900
42124.503300	0.691500
44367.125400	0.698300
46783.921500	0.705100
49486.155300	0.715700
52460.228800	0.723000
55783.341100	0.718100
60645.030300	0.725600
72964.859200	0.753200
100000.000000	0.753200
-2	0.000000E+00
-2	1.000000E+00
-1
1.000000E+00
-4	22
1	0
0.000000	0.631900
20898.044900	0.631900
22594.365400	0.650900
24193.196700	0.665100
25804.931400	0.672700
27494.634200	0.686000
29150.454200	0.691600
30759.927500	0.697900
32523.609400	0.707700
34214.971400	0.716800
36028.277400	0.720800
37934.906300	0.733700
39906.001700	0.736700
42124.503300	0.743100
44367.125400	0.748300
46783.921500	0.756200
49486.155300	0.767600
52460.228800	0.773600
55783.341100	0.772000
60645.030300	0.779000
72964.859200	0.796500
100000.000000	0.796500
-2	0.000000E+00
-2	1.000000E+00
-1
1.000000E+00
-4	22
1	0
0.000000	0.733300
20898.044900	0.733300
22594.365400	0.752800
24193.196700	0.760000
25804.931400	0.769200
27494.634200	0.781300
29150.454200	0.786300
30759.927500	0.792000
32523.609400	0.801900
34214.971400	0.809300
36028.277400	0.811400
37934.906300	0.822100
39906.001700	0.822200
42124.503300	0.826600
44367.125400	0.828600
46783.921500	0.834700
49486.155300	0.841000
52460.228800	0.846800
55783.341100	0.846700
60645.030300	0.845100
72964.859200	0.850600
100000.000000	0.850600
-2	0.000000E+00
-2	1.000000E+00
-1
3
1.000000E+00
-4	22
1	0
0.000000	0.551600
20897.494100	0.551600
22635.571400	0.566900
24243.066400	0.576900
25941.942100	0.586500
27605.185400	0.601400
29233.409400	0.607400
30886.668800	0.613400
32622.107700	0.628000
34350.043300	0.637600
36163.315900	0.647200
38041.451700	0.652100
40061.508500	0.660800
42163.174700	0.667300
44370.665300	0.673600
46665.807300	0.676900
49227.802600	0.695500
52194.954500	0.693600
55669.825600	0.710800
60406.024800	0.712200
73258.601900	0.737100
100000.000000	0.737100
-2	0.000000E+00
-2	1.000000E+00
-1
1.000000E+00
-4	22
1	0
0.000000	0.604200
20897.494100	0.604200
22635.571400	0.618900
24243.066400	0.630900
25941.942100	0.642100
27605.185400	0.654700
29233.409400	0.660300
30886.668800	0.668400
32622.107700	0.680000
34350.043300	0.689800
36163.315900	0.698800
38041.451700	0.703400
40061.508500	0.715400
42163.174700	0.720200
44370.665300	0.723600
46665.807300	0.728400
49227.802600	0.744000
52194.954500	0.739500
55669.825600	0.759200
60406.024800	0.763700
73258.601900	0.784700
100000.000000	0.784700
-2	0.000000E+00
-2	1.000000E+00
-1
1.000000E+00
-4	22
1	0
0.000000	0.704000
20897.494100	0.704000
22635.571400	0.715100
24243.066400	0.728200
25941.942100	0.741400
27605.185400	0.748400
29233.409400	0.754500
30886.668800	0.761500
32622.107700	0.770000
34350.043300	0.780100
36163.315900	0.786700
38041.451700	0.794500
40061.508500	0.803900
42163.174700	0.807800
44370.665300	0.809200
46665.807300	0.816400
49227.802600	0.827500
52194.954500	0.826800
55669.825600	0.836800
60406.024800	0.838400
73258.601900	0.842800
100000.000000	0.842800
-2	0.000000E+00
-2	1.000000E+00
-1
3
1.000000E+00
-4	22
1	0
0.000000	0.628300
20883.495600	0.628300
22594.792300	0.651800
24296.271000	0.669800
25960.720500	0.680800
27671.173100	0.695400
29441.564800	0.705600
31156.347800	0.714300
32921.448400	0.731000
34705.429500	0.737300
36539.631500	0.742600
38382.255400	0.754400
40434.232700	0.768800
42465.578600	0.777000
44693.151200	0.783300
47057.482400	0.787800
49677.851600	0.799800
52431.022800	0.804000
55854.128500	0.806300
60742.894200	0.808700
73609.715900	0.829400
100000.000000	0.829400
-2	0.000000E+00
-2	1.000000E+00
-1
1.000000E+00
-4	22
1	0
0.000000	0.696800
20883.495600	0.696800
22594.792300	0.714600
24296.271000	0.733200
25960.720500	0.743100
27671.173100	0.757500
29441.564800	0.767000
31156.347800	0.776800
32921.448400	0.791100
34705.429500	0.796000
36539.631500	0.800400
38382.255400	0.810900
40434.232700	0.818300
42465.578600	0.829000
44693.151200	0.830300
47057.482400	0.835900
49677.851600	0.840000
52431.022800	0.846000
55854.128500	0.849900
60742.894200	0.849300
73609.715900	0.863700
100000.000000	0.863700
-2	0.000000E+00
-2	1.000000E+00
-1
1.000000E+00
-4	22
1	0
0.000000	0.807300
20883.495600	0.807300
22594.792300	0.821100
24296.271000	0.837600
25960.720500	0.845300
27671.173100	0.852600
29441.564800	0.863300
31156.347800	0.869600
32921.448400	0.877900
34705.429500	0.880300
36539.631500	0.883300
38382.255400	0.890500
40434.232700	0.892900
42465.578600	0.897600
44693.151200	0.899900
47057.482400	0.905300
49677.851600	0.903100
52431.022800	0.907700
55854.128500	0.914900
60742.894200	0.912800
73609.715900	0.918100
100000.000000	0.918100
-2	0.000000E+00
-2	1.000000E+00
-1
3
1.000000E+00
-4	22
1	0
0.000000	0.565200
20949.351300	0.565200
22719.547500	0.591200
24455.191400	0.609100
26132.545900	0.619400
27674.431800	0.632500
29368.155100	0.645500
31068.982300	0.662400
32818.882800	0.672000
34599.247900	0.683800
36437.494000	0.693800
38370.421100	0.703700
40355.876500	0.707300
42381.237900	0.730700
44511.840800	0.734600
46768.226200	0.744600
49192.458700	0.748400
52060.228000	0.752600
55466.572900	0.772400
60361.692800	0.783000
73308.236800	0.806100
100000.000000	0.806100
-2	0.000000E+00
-2	1.000000E+00
-1
1.000000E+00
-4	22
1	0
0.000000	0.629800
20949.351300	0.629800
22719.547500	0.656000
24455.191400	0.671600
26132.545900	0.681700
27674.431800	0.696600
29368.155100	0.708700
31068.982300	0.723700
32818.882800	0.733200
34599.247900	0.742200
36437.494000	0.750300
38370.421100	0.764600
40355.876500	0.760700
42381.237900	0.787700
44511.840800	0.787600
46768.226200	0.802900
49192.458700	0.803000
52060.228000	0.806300
55466.572900	0.819900
60361.692800	0.829400
73308.236800	0.843800
100000.000000	0.843800
-2	0.000000E+00
-2	1.000000E+00
-1
1.000000E+00
-4	22
1	0
0.000000	0.744800
20949.351300	0.744800
22719.547500	0.766800
24455.191400	0.781500
26132.545900	0.792200
27674.431800	0.806200
29368.155100	0.812700
31068.982300	0.826300
32818.882800	0.833600
34599.247900	0.845100
36437.494000	0.848400
38370.421100	0.856700
40355.876500	0.856200
42381.237900	0.869000
44511.840800	0.871400
46768.226200	0.875300
49192.458700	0.882700
52060.228000	0.885000
55466.572900	0.891300
60361.692800	0.892200
73308.236800	0.903500
100000.000000	0.903500
-2	0.000000E+00
-2	1.000000E+00
-1
3
1.000000E+00
-4	22
1	0
0.000000	0.506100
21959.318100	0.506100
24680.529800	0.533600
26945.713200	0.552600
28878.362600	0.559500
30761.934500	0.569700
32780.189700	0.576300
34609.943900	0.584200
36218.117400	0.591700
38141.088600	0.598100
40008.058400	0.598600
41873.195900	0.608000
43801.920100	0.620900
45589.932100	0.615100
47567.958900	0.613200
49701.090800	0.624800
52026.892200	0.635100
54464.826400	0.643000
57607.883500	0.633700
61922.492700	0.634600
73735.833100	0.646400
100000.000000	0.646400
-2	0.000000E+00
-2	1.000000E+00
-1
1.000000E+00
-4	22
1	0
0.000000	0.547600
21959.318100	0.547600
24680.529800	0.573600
26945.713200	0.594300
28878.362600	0.601900
30761.934500	0.613600
32780.189700	0.621200
34609.943900	0.628300
36218.117400	0.638200
38141.088600	0.642400
40008.058400	0.644300
41873.195900	0.653400
43801.920100	0.668400
45589.932100	0.658600
47567.958900	0.661300
49701.090800	0.668600
52026.892200	0.674100
54464.826400	0.679400
57607.883500	0.679400
61922.492700	0.676100
73735.833100	0.685800
100000.000000	0.685800
-2	0.000000E+00
-2	1.000000E+00
-1
1.000000E+00
-4	22
1	0
0.000000	0.643300
21959.318100	0.643300
24680.529800	0.671600
26945.713200	0.701000
28878.362600	0.707200
30761.934500	0.711200
32780.189700	0.721400
34609.943900	0.727600
36218.117400	0.740500
38141.088600	0.750900
40008.058400	0.749200
41873.195900	0.751500
43801.920100	0.765100
45589.932100	0.763500
47567.958900	0.750300
49701.090800	0.769200
52026.892200	0.781600
54464.826400	0.782200
57607.883500	0.794500
61922.492700	0.772300
73735.833100	0.790800
100000.000000	0.790800
-2	0.000000E+00
-2	1.000000E+00
-1
3
1.000000E+00
-4	22
1	0
0.000000	0.499100
21781.901900	0.499100
24640.104800	0.522500
26774.020400	0.532700
28966.617100	0.547100
30838.382800	0.556900
32699.791400	0.559300
34639.594700	0.568300
36403.415400	0.575100
38314.476600	0.587000
40128.563400	0.592200
41964.131500	0.600700
43930.777600	0.599400
45875.160500	0.594400
47924.248500	0.617200
50018.129000	0.616600
52084.578700	0.630400
54605.290200	0.617000
57716.854100	0.627900
62002.404600	0.619200
74182.974700	0.638100
100000.000000	0.638100
-2	0.000000E+00
-2	1.000000E+00
-1
1.000000E+00
-4	22
1	0
0.000000	0.536300
21781.901900	0.536300
24640.104800	0.560400
26774.020400	0.573600
28966.617100	0.588400
30838.382800	0.600500
32699.791400	0.601700
34639.594700	0.611000
36403.415400	0.616400
38314.476600	0.631900
40128.563400	0.632800
41964.131500	0.644300
43930.777600	0.642200
45875.160500	0.635000
47924.248500	0.655600
50018.129000	0.663100
52084.578700	0.667500
54605.290200	0.659400
57716.854100	0.670300
62002.404600	0.666300
74182.974700	0.678900
100000.000000	0.678900
-2	0.000000E+00
-2	1.000000E+00
-1
1.000000E+00
-4	22
1	0
0.000000	0.621000
21781.901900	0.621000
24640.104800	0.651100
26774.020400	0.670300
28966.617100	0.682700
30838.382800	0.692300
32699.791400	0.700000
34639.594700	0.712000
36403.415400	0.713500
38314.476600	0.730000
40128.563400	0.731100
41964.131500	0.738400
43930.777600	0.739300
45875.160500	0.738800
47924.248500	0.757600
50018.129000	0.757600
52084.578700	0.775000
54605.290200	0.770800
57716.854100	0.779500
62002.404600	0.767500
74182.974700	0.771300
100000.000000	0.771300
-2	0.000000E+00
-2	1.000000E+00
-1
3
1.000000E+00
-4	22
1	0
0.000000	0.575700
21793.769600	0.575700
24631.407400	0.615300
26872.849800	0.631100
28827.589000	0.653500
30728.890000	0.666800
32659.904400	0.680100
34529.051800	0.693400
36314.200100	0.700000
38048.358100	0.704500
39875.959400	0.708000
41735.808100	0.726400
43552.955500	0.736800
45434.535600	0.737600
47451.911000	0.745600
49476.917000	0.780000
51632.755400	0.736800
54096.107600	0.748500
57274.805300	0.760800
61556.715400	0.740700
73572.735000	0.754100
100000.000000	0.754100
-2	0.000000E+00
-2	1.000000E+00
-1
1.000000E+00
-4	22
1	0
0.000000	0.638200
21793.769600	0.638200
24631.407400	0.680200
26872.849800	0.698900
28827.589000	0.721200
30728.890000	0.731600
32659.904400	0.744600
34529.051800	0.760600
36314.200100	0.769300
38048.358100	0.769100
39875.959400	0.775300
41735.808100	0.789300
43552.955500	0.801600
45434.535600	0.799800
47451.911000	0.802700
49476.917000	0.819800
51632.755400	0.788300
54096.107600	0.807400
57274.805300	0.813900
61556.715400	0.804600
73572.735000	0.807200
100000.000000	0.807200
-2	0.000000E+00
-2	1.000000E+00
-1
1.000000E+00
-4	22
1	0
0.000000	0.771000
21793.769600	0.771000
24631.407400	0.812200
26872.849800	0.834100
28827.589000	0.847200
30728.890000	0.854900
32659.904400	0.870300
34529.051800	0.874500
36314.200100	0.883200
38048.358100	0.882600
39875.959400	0.890700
41735.808100	0.894100
43552.955500	0.898500
45434.535600	0.891000
47451.911000	0.886600
49476.917000	0.895700
51632.755400	0.883400
54096.107600	0.891000
57274.805300	0.896200
61556.715400	0.880800
73572.735000	0.877700
100000.000000	0.877700
-2	0.000000E+00
-2	1.000000E+00
-1
3
1.000000E+00
-4	22
1	0
0.000000	0.528400
21567.282700	0.528400
24528.169700	0.569500
27045.868700	0.589900
29064.765400	0.608600
30891.131800	0.625600
32719.311200	0.644700
34474.879900	0.644500
36296.463900	0.656900
38070.570700	0.661400
39821.020400	0.677000
41563.306500	0.679400
43490.334500	0.693500
45432.293700	0.678800
47516.323800	0.696300
49701.619900	0.703800
51806.948400	0.721900
54211.980200	0.741300
57156.790500	0.739000
61793.531700	0.723600
73787.902000	0.737200
100000.000000	0.737200
-2	0.000000E+00
-2	1.000000E+00
-1
1.000000E+00
-4	22
1	0
0.000000	0.588000
21567.282700	0.588000
24528.169700	0.628300
27045.868700	0.651900
29064.765400	0.670100
30891.131800	0.683100
32719.311200	0.706600
34474.879900	0.707500
36296.463900	0.717700
38070.570700	0.727100
39821.020400	0.743200
41563.306500	0.744200
43490.334500	0.758900
45432.293700	0.743600
47516.323800	0.762100
49701.619900	0.771000
51806.948400	0.781200
54211.980200	0.793500
57156.790500	0.788000
61793.531700	0.774400
73787.902000	0.783700
100000.000000	0.783700
-2	0.000000E+00
-2	1.000000E+00
-1
1.000000E+00
-4	22
1	0
0.000000	0.709700
21567.282700	0.709700
24528.169700	0.756200
27045.868700	0.782100
29064.765400	0.793100
30891.131800	0.814500
32719.311200	0.830800
34474.879900	0.834000
36296.463900	0.847300
38070.570700	0.855000
39821.020400	0.864200
41563.306500	0.859300
43490.334500	0.871600
45432.293700	0.851000
47516.323800	0.872600
49701.619900	0.879600
51806.948400	0.872500
54211.980200	0.881200
57156.790500	0.877300
61793.531700	0.871500
73787.902000	0.864100
100000.000000	0.864100
-2	0.000000E+00
-2	1.000000E+00
-1
