tau_pt:F
0.0000          0.5516
20897.4941      0.5516
22635.5714      0.5669
24243.0664      0.5769
25941.9421      0.5865
27605.1854      0.6014
29233.4094      0.6074
30886.6688      0.6134
32622.1077      0.6280
34350.0433      0.6376
36163.3159      0.6472
38041.4517      0.6521
40061.5085      0.6608
42163.1747      0.6673
44370.6653      0.6736
46665.8073      0.6769
49227.8026      0.6955
52194.9545      0.6936
55669.8256      0.7108
60406.0248      0.7122
73258.6019      0.7371
100000.0000     0.7371
