tau_pt:F
0.0000          0.4991
21781.9019      0.4991
24640.1048      0.5225
26774.0204      0.5327
28966.6171      0.5471
30838.3828      0.5569
32699.7914      0.5593
34639.5947      0.5683
36403.4154      0.5751
38314.4766      0.5870
40128.5634      0.5922
41964.1315      0.6007
43930.7776      0.5994
45875.1605      0.5944
47924.2485      0.6172
50018.1290      0.6166
52084.5787      0.6304
54605.2902      0.6170
57716.8541      0.6279
62002.4046      0.6192
74182.9747      0.6381
100000.0000     0.6381
