tau_pt:F
0.0000          0.5284
21567.2827      0.5284
24528.1697      0.5695
27045.8687      0.5899
29064.7654      0.6086
30891.1318      0.6256
32719.3112      0.6447
34474.8799      0.6445
36296.4639      0.6569
38070.5707      0.6614
39821.0204      0.6770
41563.3065      0.6794
43490.3345      0.6935
45432.2937      0.6788
47516.3238      0.6963
49701.6199      0.7038
51806.9484      0.7219
54211.9802      0.7413
57156.7905      0.7390
61793.5317      0.7236
73787.9020      0.7372
100000.0000     0.7372
