tau_pt:F
0.0000          0.5757
21793.7696      0.5757
24631.4074      0.6153
26872.8498      0.6311
28827.5890      0.6535
30728.8900      0.6668
32659.9044      0.6801
34529.0518      0.6934
36314.2001      0.7000
38048.3581      0.7045
39875.9594      0.7080
41735.8081      0.7264
43552.9555      0.7368
45434.5356      0.7376
47451.9110      0.7456
49476.9170      0.7800
51632.7554      0.7368
54096.1076      0.7485
57274.8053      0.7608
61556.7154      0.7407
73572.7350      0.7541
100000.0000     0.7541
