tau_pt:F
0.0000          0.6433
21959.3181      0.6433
24680.5298      0.6716
26945.7132      0.7010
28878.3626      0.7072
30761.9345      0.7112
32780.1897      0.7214
34609.9439      0.7276
36218.1174      0.7405
38141.0886      0.7509
40008.0584      0.7492
41873.1959      0.7515
43801.9201      0.7651
45589.9321      0.7635
47567.9589      0.7503
49701.0908      0.7692
52026.8922      0.7816
54464.8264      0.7822
57607.8835      0.7945
61922.4927      0.7723
73735.8331      0.7908
100000.0000     0.7908
