tau_pt:F
0.0000          0.5746
20898.0449      0.5746
22594.3654      0.5933
24193.1967      0.6101
25804.9314      0.6144
27494.6342      0.6311
29150.4542      0.6386
30759.9275      0.6434
32523.6094      0.6523
34214.9714      0.6605
36028.2774      0.6700
37934.9063      0.6805
39906.0017      0.6879
42124.5033      0.6915
44367.1254      0.6983
46783.9215      0.7051
49486.1553      0.7157
52460.2288      0.7230
55783.3411      0.7181
60645.0303      0.7256
72964.8592      0.7532
100000.0000     0.7532
