tau_pt:F
0.0000          0.6210
21781.9019      0.6210
24640.1048      0.6511
26774.0204      0.6703
28966.6171      0.6827
30838.3828      0.6923
32699.7914      0.7000
34639.5947      0.7120
36403.4154      0.7135
38314.4766      0.7300
40128.5634      0.7311
41964.1315      0.7384
43930.7776      0.7393
45875.1605      0.7388
47924.2485      0.7576
50018.1290      0.7576
52084.5787      0.7750
54605.2902      0.7708
57716.8541      0.7795
62002.4046      0.7675
74182.9747      0.7713
100000.0000     0.7713
