tau_pt:F
0.0000          0.7097
21567.2827      0.7097
24528.1697      0.7562
27045.8687      0.7821
29064.7654      0.7931
30891.1318      0.8145
32719.3112      0.8308
34474.8799      0.8340
36296.4639      0.8473
38070.5707      0.8550
39821.0204      0.8642
41563.3065      0.8593
43490.3345      0.8716
45432.2937      0.8510
47516.3238      0.8726
49701.6199      0.8796
51806.9484      0.8725
54211.9802      0.8812
57156.7905      0.8773
61793.5317      0.8715
73787.9020      0.8641
100000.0000     0.8641
