tau_pt:F
0.0000          0.6042
20897.4941      0.6042
22635.5714      0.6189
24243.0664      0.6309
25941.9421      0.6421
27605.1854      0.6547
29233.4094      0.6603
30886.6688      0.6684
32622.1077      0.6800
34350.0433      0.6898
36163.3159      0.6988
38041.4517      0.7034
40061.5085      0.7154
42163.1747      0.7202
44370.6653      0.7236
46665.8073      0.7284
49227.8026      0.7440
52194.9545      0.7395
55669.8256      0.7592
60406.0248      0.7637
73258.6019      0.7847
100000.0000     0.7847
