tau_pt:F
0.0000          0.6319
20898.0449      0.6319
22594.3654      0.6509
24193.1967      0.6651
25804.9314      0.6727
27494.6342      0.6860
29150.4542      0.6916
30759.9275      0.6979
32523.6094      0.7077
34214.9714      0.7168
36028.2774      0.7208
37934.9063      0.7337
39906.0017      0.7367
42124.5033      0.7431
44367.1254      0.7483
46783.9215      0.7562
49486.1553      0.7676
52460.2288      0.7736
55783.3411      0.7720
60645.0303      0.7790
72964.8592      0.7965
100000.0000     0.7965
