tau_pt:F
0.0000          0.5476
21959.3181      0.5476
24680.5298      0.5736
26945.7132      0.5943
28878.3626      0.6019
30761.9345      0.6136
32780.1897      0.6212
34609.9439      0.6283
36218.1174      0.6382
38141.0886      0.6424
40008.0584      0.6443
41873.1959      0.6534
43801.9201      0.6684
45589.9321      0.6586
47567.9589      0.6613
49701.0908      0.6686
52026.8922      0.6741
54464.8264      0.6794
57607.8835      0.6794
61922.4927      0.6761
73735.8331      0.6858
100000.0000     0.6858
