tau_pt:F
0.0000          0.6968
20883.4956      0.6968
22594.7923      0.7146
24296.2710      0.7332
25960.7205      0.7431
27671.1731      0.7575
29441.5648      0.7670
31156.3478      0.7768
32921.4484      0.7911
34705.4295      0.7960
36539.6315      0.8004
38382.2554      0.8109
40434.2327      0.8183
42465.5786      0.8290
44693.1512      0.8303
47057.4824      0.8359
49677.8516      0.8400
52431.0228      0.8460
55854.1285      0.8499
60742.8942      0.8493
73609.7159      0.8637
100000.0000     0.8637
