tau_pt:F
0.0000          0.7448
20949.3513      0.7448
22719.5475      0.7668
24455.1914      0.7815
26132.5459      0.7922
27674.4318      0.8062
29368.1551      0.8127
31068.9823      0.8263
32818.8828      0.8336
34599.2479      0.8451
36437.4940      0.8484
38370.4211      0.8567
40355.8765      0.8562
42381.2379      0.8690
44511.8408      0.8714
46768.2262      0.8753
49192.4587      0.8827
52060.2280      0.8850
55466.5729      0.8913
60361.6928      0.8922
73308.2368      0.9035
100000.0000     0.9035
