tau_pt:F
0.0000          0.7040
20897.4941      0.7040
22635.5714      0.7151
24243.0664      0.7282
25941.9421      0.7414
27605.1854      0.7484
29233.4094      0.7545
30886.6688      0.7615
32622.1077      0.7700
34350.0433      0.7801
36163.3159      0.7867
38041.4517      0.7945
40061.5085      0.8039
42163.1747      0.8078
44370.6653      0.8092
46665.8073      0.8164
49227.8026      0.8275
52194.9545      0.8268
55669.8256      0.8368
60406.0248      0.8384
73258.6019      0.8428
100000.0000     0.8428
