tau_pt:F
0.0000          0.7710
21793.7696      0.7710
24631.4074      0.8122
26872.8498      0.8341
28827.5890      0.8472
30728.8900      0.8549
32659.9044      0.8703
34529.0518      0.8745
36314.2001      0.8832
38048.3581      0.8826
39875.9594      0.8907
41735.8081      0.8941
43552.9555      0.8985
45434.5356      0.8910
47451.9110      0.8866
49476.9170      0.8957
51632.7554      0.8834
54096.1076      0.8910
57274.8053      0.8962
61556.7154      0.8808
73572.7350      0.8777
100000.0000     0.8777
