tau_pt:F
0.0000          0.5880
21567.2827      0.5880
24528.1697      0.6283
27045.8687      0.6519
29064.7654      0.6701
30891.1318      0.6831
32719.3112      0.7066
34474.8799      0.7075
36296.4639      0.7177
38070.5707      0.7271
39821.0204      0.7432
41563.3065      0.7442
43490.3345      0.7589
45432.2937      0.7436
47516.3238      0.7621
49701.6199      0.7710
51806.9484      0.7812
54211.9802      0.7935
57156.7905      0.7880
61793.5317      0.7744
73787.9020      0.7837
100000.0000     0.7837
