tau_pt:F
0.0000          0.6298
20949.3513      0.6298
22719.5475      0.6560
24455.1914      0.6716
26132.5459      0.6817
27674.4318      0.6966
29368.1551      0.7087
31068.9823      0.7237
32818.8828      0.7332
34599.2479      0.7422
36437.4940      0.7503
38370.4211      0.7646
40355.8765      0.7607
42381.2379      0.7877
44511.8408      0.7876
46768.2262      0.8029
49192.4587      0.8030
52060.2280      0.8063
55466.5729      0.8199
60361.6928      0.8294
73308.2368      0.8438
100000.0000     0.8438
