tau_pt:F
0.0000          0.7333
20898.0449      0.7333
22594.3654      0.7528
24193.1967      0.7600
25804.9314      0.7692
27494.6342      0.7813
29150.4542      0.7863
30759.9275      0.7920
32523.6094      0.8019
34214.9714      0.8093
36028.2774      0.8114
37934.9063      0.8221
39906.0017      0.8222
42124.5033      0.8266
44367.1254      0.8286
46783.9215      0.8347
49486.1553      0.8410
52460.2288      0.8468
55783.3411      0.8467
60645.0303      0.8451
72964.8592      0.8506
100000.0000     0.8506
