tau_pt:F
0.0000          0.6283
20883.4956      0.6283
22594.7923      0.6518
24296.2710      0.6698
25960.7205      0.6808
27671.1731      0.6954
29441.5648      0.7056
31156.3478      0.7143
32921.4484      0.7310
34705.4295      0.7373
36539.6315      0.7426
38382.2554      0.7544
40434.2327      0.7688
42465.5786      0.7770
44693.1512      0.7833
47057.4824      0.7878
49677.8516      0.7998
52431.0228      0.8040
55854.1285      0.8063
60742.8942      0.8087
73609.7159      0.8294
100000.0000     0.8294
