105200
105204
105500
117360
117361
117362
117363
117364
117365
106011
106012
106013
106014
106015
106016
106017
106018
106019
105930
105931
105932
106036
106037
113192
113193
105921
105922
105923
105924
105925
105926
105927
105928
105929
105940
105941
105942
106024
106025
106026
113190
105970
105971
105972
106027
106028
106029
113191
107650
107651
107652
107653
107654
107655
107660
107661
107662
107663
107664
107665
107670
107671
107672
107673
107674
107675
107680
107681
107682
107683
107684
107685
107690
107691
107692
107693
107694
107695
107700
107701
107702
107703
107704
107705
116250
116251
116252
116253
116254
116255
116260
116261
116262
116263
116264
116265
116270
116271
116272
116273
116274
116275
