178044
178047
178109
179725
179739
179771
179804
179938
179939
179940
180122
180124
180139
180144
180149
180153
180164
180212
180225
180241
180242
180309
180400
180448
180481
180614
180636
180664
180710
180776
182013
182161
182284
182346
182372
182424
182449
182450
182454
182455
182456
182486
182516
182518
182519
182726
182747
182766
182787
182796
182879
182886
182997
183003
183021
183038
183045
183054
183078
183079
183081
183127
183129
183130
183216
183272
183286
183347
183391
183407
183412
183426
183462
183544
183580
183581
183602
183780
183963
184022
184066
184072
184074
184088
184130
184169
185353
185518
185649
185731
185761
185823
185856
185976
185998
186049
186156
186169
186178
186179
186180
186182
186216
186217
186275
186361
186399
186456
186493
186516
186532
186533
186669
186673
186721
186729
186753
186755
186873
186877
186878
186923
186933
186934
186965
187014
187196
187219
187453
187457
187552
187763
187811
187812
187815
188921
188951
189027
189028
189049
189079
189090
189184
189207
189242
189280
189288
189372
189421
189425
189481
189483
189530
189536
189561
189598
189602
189610
189639
189660
189693
189719
189751
189813
189822
189836
189845
189875
189963
189965
190046
190116
190119
190120
190236
190256
190297
190300
190343
190608
190611
190618
190643
190644
190661
190689
190872
190878
190933
190934
190975
191138
191139
191149
191150
191190
191217
191218
191235
191239
191425
191426
191513
191517
191635
191676
191715
191920
191933
